80
0.00000000000000 0.18000000000000 0.00000000000000 55
0.00000000000000 0.17778390130712 0.02815820370724 55
0.00000000000000 0.17119017293313 0.05562305898749 55
0.00000000000000 0.16038117435391 0.08171828995312 55
0.00000000000000 0.14562305898749 0.10580134541265 55
0.00000000000000 0.12727922061358 0.12727922061358 55
0.00000000000000 0.10580134541265 0.14562305898749 55
0.00000000000000 0.08171828995312 0.16038117435391 55
0.00000000000000 0.05562305898749 0.17119017293313 55
0.00000000000000 0.02815820370724 0.17778390130712 55
0.00000000000000 0.00000000000000 0.18000000000000 55
0.00000000000000 -0.02815820370724 0.17778390130712 55
0.00000000000000 -0.05562305898749 0.17119017293313 55
0.00000000000000 -0.08171828995312 0.16038117435391 55
0.00000000000000 -0.10580134541265 0.14562305898749 55
0.00000000000000 -0.12727922061358 0.12727922061358 55
0.00000000000000 -0.14562305898749 0.10580134541265 55
0.00000000000000 -0.16038117435391 0.08171828995312 55
0.00000000000000 -0.17119017293313 0.05562305898749 55
0.00000000000000 -0.17778390130712 0.02815820370724 55
0.00000000000000 -0.18000000000000 0.00000000000000 55
0.00000000000000 -0.17778390130712 -0.02815820370724 55
0.00000000000000 -0.17119017293313 -0.05562305898749 55
0.00000000000000 -0.16038117435391 -0.08171828995312 55
0.00000000000000 -0.14562305898749 -0.10580134541265 55
0.00000000000000 -0.12727922061358 -0.12727922061358 55
0.00000000000000 -0.10580134541265 -0.14562305898749 55
0.00000000000000 -0.08171828995312 -0.16038117435391 55
0.00000000000000 -0.05562305898749 -0.17119017293313 55
0.00000000000000 -0.02815820370724 -0.17778390130712 55
0.00000000000000 -0.00000000000000 -0.18000000000000 55
0.00000000000000 0.02815820370724 -0.17778390130712 55
0.00000000000000 0.05562305898749 -0.17119017293313 55
0.00000000000000 0.08171828995312 -0.16038117435391 55
0.00000000000000 0.10580134541265 -0.14562305898749 55
0.00000000000000 0.12727922061358 -0.12727922061358 55
0.00000000000000 0.14562305898749 -0.10580134541265 55
0.00000000000000 0.16038117435391 -0.08171828995312 55
0.00000000000000 0.17119017293313 -0.05562305898749 55
0.00000000000000 0.17778390130712 -0.02815820370724 55
0.00000000000000 0.15000000000000 0.00000000000000 56
0.00000000000000 0.14815325108927 0.02346516975603 56
0.00000000000000 0.14265847744427 0.04635254915624 56
0.00000000000000 0.13365097862826 0.06809857496093 56
0.00000000000000 0.12135254915624 0.08816778784387 56
0.00000000000000 0.10606601717798 0.10606601717798 56
0.00000000000000 0.08816778784387 0.12135254915624 56
0.00000000000000 0.06809857496093 0.13365097862826 56
0.00000000000000 0.04635254915624 0.14265847744427 56
0.00000000000000 0.02346516975603 0.14815325108927 56
0.00000000000000 0.00000000000000 0.15000000000000 56
0.00000000000000 -0.02346516975603 0.14815325108927 56
0.00000000000000 -0.04635254915624 0.14265847744427 56
0.00000000000000 -0.06809857496093 0.13365097862826 56
0.00000000000000 -0.08816778784387 0.12135254915624 56
0.00000000000000 -0.10606601717798 0.10606601717798 56
0.00000000000000 -0.12135254915624 0.08816778784387 56
0.00000000000000 -0.13365097862826 0.06809857496093 56
0.00000000000000 -0.14265847744427 0.04635254915624 56
0.00000000000000 -0.14815325108927 0.02346516975603 56
0.00000000000000 -0.15000000000000 0.00000000000000 56
0.00000000000000 -0.14815325108927 -0.02346516975603 56
0.00000000000000 -0.14265847744427 -0.04635254915624 56
0.00000000000000 -0.13365097862826 -0.06809857496093 56
0.00000000000000 -0.12135254915624 -0.08816778784387 56
0.00000000000000 -0.10606601717798 -0.10606601717798 56
0.00000000000000 -0.08816778784387 -0.12135254915624 56
0.00000000000000 -0.06809857496093 -0.13365097862826 56
0.00000000000000 -0.04635254915624 -0.14265847744427 56
0.00000000000000 -0.02346516975603 -0.14815325108927 56
0.00000000000000 -0.00000000000000 -0.15000000000000 56
0.00000000000000 0.02346516975603 -0.14815325108927 56
0.00000000000000 0.04635254915624 -0.14265847744427 56
0.00000000000000 0.06809857496093 -0.13365097862826 56
0.00000000000000 0.08816778784387 -0.12135254915624 56
0.00000000000000 0.10606601717798 -0.10606601717798 56
0.00000000000000 0.12135254915624 -0.08816778784387 56
0.00000000000000 0.13365097862826 -0.06809857496093 56
0.00000000000000 0.14265847744427 -0.04635254915624 56
0.00000000000000 0.14815325108927 -0.02346516975603 56